9
4 -5554 2201 2077 -659
89 7943 9733 -893 -7391 -296 -6743 -8472 8269 7866 3939 -3078 -419 6408 8871 1965 274 -9511 -1915 5838 -9186 7566 -4447 2839 6416 -135 -5553 -8845 4962 4997 8457 -813 -3531 -9380 -5857 8548 494 5469 987 -9993 -1092 -2515 7620 -8915 5826 -3746 2735 -1095 7203 -8953 -9274 9411 -2356 513 -2761 8756 674 -4098 -4799 -8171 -5622 7022 646 -6578 -9381 -3859 2625 -9198 4722 -7292 -2546 -7186 183 -672 -8431 -1339 9910 -4424 8895 6861 8494 6596 9444 5957 -6223 -2470 7082 -8441 9535 5763
30 5452 9575 -5931 5475 6360 -9067 -4878 6911 6667 7660 -483 5377 3969 -8326 3089 -147 -6801 -3819 8647 3832 3643 4421 4072 -5991 -9782 3824 5249 825 1421 -7469
87 160 -2168 7321 -3154 6518 678 -523 -8247 -9583 2398 5046 -9498 3057 -8994 7130 -4201 -4910 -6740 -5710 -3080 6177 3893 6619 -5667 8621 5947 7780 -87 7667 4772 -1346 -4308 672 -6099 -9348 669 6110 8251 -6265 -1837 5979 3315 -2750 -2176 -4172 -7602 4451 -1437 -2896 -7566 -816 -6155 -2619 7929 3758 -2943 2689 -3319 -8644 4904 7066 -391 -216 -8826 4813 8629 -6132 5685 3352 8576 -4628 -6157 4322 -9045 1393 2280 -2014 -1973 -8772 4704 8256 -971 160 8250 -9964 2546 6667
45 8896 -2890 -1234 1976 -6749 -7009 -7712 -8199 -88 -3328 -479 -9884 8101 1087 9394 -2560 6503 -9854 7823 -1501 -2803 -6432 1457 -3023 -8747 1340 2193 -3712 6454 -1873 5618 -3244 8762 -6175 -878 -869 1554 788 5579 -4626 61 5370 5025 6177 7971
18 9787 -1682 -419 -8413 -3449 9633 -5317 980 -7266 2056 9800 -2348 1506 -2696 6887 2888 7735 6849
77 2580 7955 8743 6081 5591 8737 -4165 3986 -2874 4153 2944 4815 348 -5670 -1561 -7581 -7456 -9182 7379 9213 -1855 2306 -8990 -6680 8897 -8590 760 5690 4951 3235 2276 5721 2708 2542 3954 6547 -1143 -6297 5211 -8671 -8052 -6513 2979 8927 -4913 -3913 -3861 8453 -4692 -8922 -4667 8678 -6074 379 9830 7678 -2883 417 7185 3672 -8743 -1381 4703 -8387 -2841 2794 -7213 -5724 -3430 9335 -7339 -4355 9892 1983 3993 2158 4005
21 -8974 -9281 3365 -7535 -2549 -7103 -975 4290 1614 -1167 -7170 819 7262 -5208 955 -5045 5879 717 -8685 9688 551
14 9736 -8338 7286 -2052 3844 -2028 -5229 2728 -3800 -2863 9863 7686 -2880 -9938
