18
32 4927 1138 826 -5627 -1202 -6127 3130 -7062 -9449 -6973 1658 -6604 1933 3503 3896 2791 6045 -140 4115 3316 7583 6562 9070 -1446 -4900 -5708 -1904 -4945 7025 5040 5576 -3159
25 -2876 -823 -5694 -6150 4871 -4861 3336 -1992 -9657 -345 -6555 4782 -4859 2493 -9706 4007 -819 -8871 4514 -4680 -9581 -4574 4623 4664 -1613
65 7165 9024 -3273 -2042 -4791 3772 -7326 -3267 4499 8354 -8775 2164 -1898 9836 -9296 524 -2045 829 -8349 -2323 411 2678 9857 -7105 5902 8939 7634 6928 3134 -8582 -9822 -1221 -9198 -8735 4941 9867 5263 -5277 -2096 -7378 -5349 -2721 9999 -408 8280 -7312 3266 -1705 6252 9619 -697 386 7947 -5353 2545 1090 -2747 5515 4842 1571 -1391 9664 -2602 1345 1663
18 9570 -969 6374 -6289 -8489 -4027 -7626 -3915 -9633 -147 3911 -2866 9356 4458 -8689 9040 -8280 -5153
61 4977 -5467 148 -8431 6372 -4708 1088 8902 -3768 911 6202 2137 -8143 4678 3240 -5356 -8714 -4935 8091 -2191 -510 4615 92 4975 -3985 -9025 -3258 4503 246 9370 5127 4568 1580 -9828 -1400 2456 -6548 4906 6941 -5118 8864 6875 -2594 6092 -612 448 -1533 -57 2425 950 -2071 3340 -9447 9963 713 -959 3991 -5574 310 1463 1582
27 -6234 -8739 -6078 7230 -6576 -3215 7718 -602 -6339 9304 -8798 -7345 9293 -3298 3243 -9894 -573 -3309 8051 -1135 -1963 -1825 1401 2002 -7707 2998 -331
9 3864 -77 7674 -3271 -729 6290 -6817 -6606 -5873
9 -8635 -6925 6254 -5223 -1222 -9207 6246 6120 -8553
86 3588 781 -5127 5707 1275 2126 7359 -8725 -6475 11 2400 -3245 7711 -1772 9035 -7166 2375 -9619 -3735 1143 9336 -2271 -8222 2940 7894 8140 8589 7013 -6064 -6237 -6842 1365 -8547 9882 -1089 -6928 -642 -8075 -7912 -6838 4984 -6079 -8624 -8509 -1545 5864 7868 -4488 5058 9612 -3231 -3746 -7941 8973 -5105 9251 -6440 -8342 9128 -5221 -27 7716 -8012 -1245 -9680 647 -8657 6354 -4475 -7263 6087 -9666 1547 642 5161 -9083 5025 8639 -9322 9014 -5817 -5596 -1327 -4674 -2478 8139
55 6542 4498 -9799 8066 8582 3169 -7743 -2953 4037 5997 5352 2709 -6447 9326 9273 5939 5309 -1616 8329 9566 3899 7813 -1313 1278 -9597 -5458 -7515 2557 1722 9314 -2806 7451 7474 -3958 -7078 -690 7920 -2003 -6973 3276 -6263 3206 -2596 4418 -9912 3347 -4532 3967 5517 4258 -3292 9906 -4592 -2417 6622
91 3465 -7810 -1734 5440 -7141 1012 -8786 -7741 1644 -8098 -3829 -7434 2596 538 5649 -7046 -2268 -2228 -9610 -8825 -4896 341 -4962 2984 -7171 4218 6551 859 -9994 6863 -7357 -3792 3107 -1700 8510 4354 3456 6835 6487 7363 8621 -4291 -7675 -720 7646 -8101 -1367 -8298 6608 -9523 -4004 -7319 8606 1630 -8355 -9123 2077 1417 1389 -3963 1108 8229 1842 -3076 1214 7203 -519 7671 -1251 472 1159 -6535 9461 -8440 -7526 4523 8519 7248 -4243 5648 6334 -1931 -8440 3307 9311 2030 -5274 9733 -4787 390 -2366
63 -9666 -9584 -5923 5242 -6389 7295 -9275 9943 -7819 -7048 863 -152 -7306 -7057 -8528 5205 9720 -6615 -698 3325 2980 3332 -5153 4223 186 -7784 -7460 5611 -7165 5633 2426 8753 -3403 -8982 -3977 8307 9370 -3630 -6269 9950 3348 -8628 4668 -825 -9539 -1973 -9577 6522 5656 6363 -2564 6836 -2346 -7891 5033 -8840 -7951 376 -6002 -3047 9193 9615 6036
92 -3843 2205 -4547 9724 -3488 3411 4221 -6828 -865 8310 83 -7818 -9914 1363 8970 -9061 8407 -4570 -4035 -2618 -5545 -4697 7308 -8735 9159 5564 5668 -3293 -1821 4098 -5345 -4506 3018 -7957 -8567 -9565 -1310 6272 1189 1 -4038 -53 7249 -8596 9343 -7571 -9817 6985 -4441 9286 -3394 -2682 5170 -9420 -8098 -275 -170 2415 -56 -9601 -754 -8134 -4646 -4736 -832 -3098 -7570 -380 2054 -9529 -5138 -5063 -1665 7752 -4294 9149 6960 -8584 194 7614 1221 -2646 430 -2308 -47 783 -3889 -2843 7482 7374 4628 -3548
52 3044 -1331 -6281 4851 1224 6007 9272 4483 -1012 7737 -8632 -2782 3849 -53 -6412 -556 -5355 -9013 -2654 6711 -3867 2531 -1924 -4766 5099 4357 7746 -2042 -2308 -9778 6703 -1887 481 5435 -5021 -4891 8558 5533 -6197 5061 9988 4657 -1587 2950 9051 8019 6828 -6849 -8259 -3800 3252 2620
97 -4208 1692 -1205 9614 -8272 7035 -6015 1982 -42 2818 9145 -4082 6375 4714 -6521 -8967 7478 4844 9181 1333 9633 7020 3415 9188 -5360 5441 -1379 1429 6922 5182 -1944 -1101 4653 -7871 756 -3627 182 -9386 -9202 5561 -2684 1208 -5443 -1064 6293 934 3806 7327 -6768 -6982 4343 3542 -5489 6224 -4286 -7848 8053 8630 1269 8054 822 8542 2652 5530 -9904 -5089 4748 -3031 3432 -2956 -1022 7908 -6062 -9332 9658 749 8810 3615 -6700 9070 -5474 8767 -4261 5201 -6680 -7327 5621 6843 271 117 -7285 -4647 5423 -1453 4770 -5362 -9854
92 -8362 9278 -7723 -2244 2068 3609 7899 -5673 705 -6656 -2730 -6472 3566 -6973 4604 -5164 -1860 4018 1755 -8365 -2335 -4183 -6633 6382 8993 -6625 -8067 -4121 52 6955 7959 7296 -2400 -3578 7466 4191 2813 6097 -4154 -4632 -9459 -1685 -284 -2361 2952 -915 337 2723 -1679 4214 -8670 3641 -9228 -5911 -2587 366 8568 3847 -6679 -8609 7850 1490 -4416 -2426 2743 -7759 213 7086 1448 -9820 -3787 1316 94 -6723 6700 -2504 -3212 3393 7239 1332 -2612 5374 4297 1023 8730 -4491 1007 -5322 -2273 -7375 -4561 -8325
82 -9115 -7284 -3862 4740 8181 1847 8562 -896 9269 1926 8517 5917 -3833 -217 3953 8057 7512 -7638 4096 8519 -6257 -765 -8914 -4448 7345 -8527 -3801 -9510 7303 -1916 5262 -5830 -798 535 -6426 5368 5413 3499 -2072 9719 3679 7454 -9539 454 3974 -3606 2558 5727 -4949 3403 9158 -9632 1264 -6701 -123 -7438 -6047 7985 3981 -247 4640 -9179 -8995 -9075 -8012 -7924 1467 7621 3625 635 6253 9892 -6059 2813 -6119 295 2552 5506 3051 -3174 6419 2899
72 -1617 -5448 -8813 3151 178 2626 4081 -6576 7530 8664 7511 -5045 -2357 -5929 6829 -9096 6451 -4391 4975 7527 -4951 -5369 -2947 -2789 9966 4575 8059 3880 -9851 6958 2661 8406 6199 9320 895 4832 8468 613 9555 -4989 -5482 -431 -9047 179 -8264 2986 2008 4219 1458 1150 8870 -4380 -3028 9176 8656 -2502 -7490 -6254 -6060 3386 -2891 6729 648 -992 7161 -2148 9402 -5282 5367 -4435 9462 -591
