15
26 -4475 -4689 -1761 2288 -6204 -3595 -148 5163 5506 -4933 -817 -2935 3414 -5595 1951 4121 -4305 -5447 -9335 5746 -3533 -3422 -1413 7981 6722 -894
38 -5657 -7464 -9202 -1653 5857 5231 1611 9706 -1171 -9054 -3026 5237 -1638 -7856 9690 -33 8081 4684 -2480 -3072 -3878 -4687 -74 5713 5526 -1334 -3061 5431 3273 -8948 5833 -972 8420 8126 -4834 -5266 -376 869
88 1145 -5684 115 -7315 8060 -2849 4878 -4771 8942 -9630 1227 5264 7492 -3552 2694 1366 -5707 2545 -2971 -9949 -1779 7757 -7203 4813 -2109 -906 8919 -6058 729 6218 2017 -8809 -31 3713 -6107 -1512 638 -6468 5542 9053 4395 6782 -2855 -7125 -1147 132 9591 3111 -2452 8873 -3890 -7881 8022 1128 3993 4040 -9624 4281 -3679 -9021 -480 -8108 -6242 -8151 -6862 9139 -5668 -7611 -3549 4675 5840 -4614 -1920 277 3407 -3657 2977 6054 -3128 -5126 3871 -7699 -3033 876 -3036 -599 -7139 -1762
41 832 1927 -8902 -889 -8420 -1516 9916 -9418 -4913 8979 7052 4672 -6644 4463 5876 -5141 8848 7076 1823 -6016 -6842 -5008 -5434 -9377 8021 9163 -3241 -6035 -7556 -7786 2669 1017 -975 -3691 -3671 5620 -5890 -4071 2195 -9221 8742
44 -5554 8133 -7297 -1803 4852 6478 1919 -614 -6063 -5756 -9840 -1222 621 6550 -59 9769 -1447 5460 -8359 3966 4529 -4902 4649 5400 -3168 2994 685 -9204 2774 -3165 4178 -4048 6668 -1041 2380 5927 4310 6930 5085 -3960 -6060 4732 -9412 2268
23 1324 87 -9150 8921 -6531 -612 -4387 1582 -4847 2234 -7448 2295 -8993 8077 -4569 7694 -106 827 2681 -4042 5680 -1502 -9495
97 -2523 -2318 9391 -4808 -1841 9219 -700 9257 23 -9484 -1028 9797 4037 3508 9399 4296 4109 1310 -4114 -9987 6487 -6833 316 -6542 -2899 -7036 -8708 6355 3370 -9815 4154 4412 8238 8508 4110 -7625 1412 -8843 8084 9370 -1940 -7101 -182 2682 -9076 -1554 3929 -9205 -4244 -5871 3960 -1021 -4411 4032 7516 -3542 4000 2307 -7793 3731 6040 5116 309 6621 -9169 5862 4412 719 -7502 -6497 9845 -6411 6894 -1672 3321 7298 5590 8656 1487 1437 -8534 -3271 -6486 -4910 4203 9810 -9679 -3094 8152 676 7467 -1174 -7664 -3518 -4545 8376 6275
85 -6748 -8529 -4912 -2428 1742 2902 -14 -7552 -9767 8970 -462 7823 787 -4240 3362 940 -2820 904 4922 2104 5163 8471 -3247 -7789 5927 5541 -9586 6198 -8177 7432 -1835 -566 -3427 -7562 8363 -6408 5876 -8272 -4751 -2927 2127 405 -3151 -1937 4981 8181 -8598 6824 3754 -1655 7192 4738 -7102 -1133 -7911 5792 1440 5597 -8695 -7179 6911 -3249 -8665 6962 -397 -8263 -3837 6687 -9891 -6802 -6997 4371 -8423 -2082 4072 -6610 4402 7810 5072 -5956 -4506 8452 6419 -2704 4126
67 9855 9191 -8162 -4040 8434 4335 2833 -4352 -5007 -8386 6457 1233 2897 -119 3261 -629 5338 -3375 -9591 -9481 -7526 8429 9235 1027 -6088 6374 4508 8361 3440 -5413 6396 1477 -9421 7303 1722 -8305 -5657 -1508 -3438 1750 4224 1753 3125 -5467 -2407 6964 -2472 -9407 8655 -6754 5229 3033 4487 605 -4689 -8442 -1291 4427 2587 -2805 9993 -3864 6376 2630 9588 3442 -9308
39 -7806 6181 4015 4709 -4998 7898 9217 1829 -2932 -1995 1229 3231 -3355 -6525 -6516 3248 -1285 -2403 -4119 3759 2651 3763 -1274 -8311 -1260 -4439 4916 8473 -9492 -8531 4148 5563 -3693 9744 8092 -4077 -8836 1604 -6970
32 -6304 4708 -7197 1099 -1424 -3986 -5994 4999 -8443 -3696 -6460 -8172 -6404 6437 -4379 -7639 4893 2537 -1312 7572 -9528 2075 -8562 343 9 -6761 1819 -2282 1931 6405 9392 7796
83 5789 6318 6368 5309 -6615 2110 8030 -2450 -4432 3263 8964 -3146 1263 -6534 4175 1666 7527 -8208 4047 -9653 5124 3915 -254 2169 -3882 778 -531 -4444 4930 703 -1316 -3999 9536 -7430 5479 -4615 840 2689 3411 -5217 2050 1099 -9766 -984 -450 1110 1871 -3356 1303 4037 4165 7994 -4414 -7635 2217 -9718 -9475 -4690 5934 4362 2625 -334 -7909 -7378 9292 7122 -2693 5680 -2671 -1480 408 -3554 -3335 4259 -3612 5949 -1252 -2220 922 -3666 3734 7596 796
18 5599 -5755 6552 -7555 -8177 -663 -251 9654 -3470 -1125 -7441 -2599 1514 -5025 5867 3826 -1460 3583
95 7730 1606 -1392 89 4700 -5783 -4420 -1985 -9735 -6550 -7387 -3180 2595 -3951 -2436 9364 -2279 -4245 8851 4337 -3937 1938 -7510 -6531 9846 -4104 -5256 -5974 4961 3254 -3304 -7969 -1742 111 -6329 -8791 8951 -5567 -5057 5491 3019 -1524 -6873 -3496 2681 4126 1941 5217 2328 -4395 6018 -3987 -6890 -2812 9341 3412 -3510 5842 3177 -8597 -4619 6790 2743 -9275 -9401 7649 9623 702 -1425 -1676 2148 481 3190 -8624 118 1732 -9042 6283 595 4976 -5751 -671 -2342 -3689 -4164 8959 -6683 -833 -4318 -4234 1594 3043 -7277 -2858 -9648
23 8898 -2229 4120 -4320 -9199 5944 -8843 -768 -2493 2824 -69 -1435 9844 -2504 -6275 4406 9240 -438 6633 -4872 -6916 4530 -7579
