17
72 -5138 -7225 8671 3396 8500 1911 -999 3305 -3543 -9526 -7052 -5607 6124 -2360 -4431 1256 9367 2820 -9815 3858 6357 7747 4668 -5288 7167 -9316 -2719 -1421 -2119 -4924 -6706 4982 -9589 -6415 -7196 1012 -1052 -6517 -1235 330 -5296 6306 3401 5170 7586 8748 9270 9540 8778 -9524 7794 -7214 -3601 -9437 2918 5087 -6711 -7645 499 -7204 8611 -3436 1796 5987 -2403 2675 -5806 1682 7127 -9813 2021 -3597
88 2315 2471 9477 2594 1659 -155 3843 7886 6126 -6962 -8458 8838 -6578 -8083 6540 4282 -1792 -48 -7364 1038 5958 4126 -8971 5773 6737 7370 3913 7358 105 2006 449 -871 -5882 -6130 -4210 908 -4789 4618 944 1433 -9851 -1163 -9003 3963 -3123 5224 -8270 -267 -3300 7964 6273 -7396 4465 4717 -6404 -1885 4612 -278 6130 -2077 6488 -1233 -8195 7260 -5708 6555 6235 2464 7154 6820 7997 511 5331 -8523 -3056 2761 2794 -485 -8877 -5933 -5987 -232 1269 -7709 3478 1555 -3506 7750
86 -1228 -1372 -7913 -3131 -7361 3453 -8590 4688 -216 8782 -6612 -2204 -7835 -8212 5960 -5243 -3289 5433 -9454 -2613 -9053 -5313 8045 -1526 2312 1306 -392 3422 5117 -5694 4112 -7788 3004 -6140 -3391 -3818 -1725 -3403 -3890 5029 2835 5325 4462 -7822 -8951 1606 -3480 -9703 483 -1451 -7446 -291 3001 1205 -8338 -7837 948 3323 -8164 7323 7178 -1355 -7290 3017 -9694 -6670 6659 -3131 9235 -3233 7892 -3363 -7439 3129 -8314 -7889 -2472 7420 -1127 1622 -7015 123 -4525 -1330 -3925 -410
17 -3253 7003 631 -2042 -1898 51 -7060 4404 -9179 6 5883 6558 -9393 1966 6160 -8224 3399
43 -4624 3948 -9124 -7075 6795 -9543 4420 6408 -175 7904 -3315 1602 97 6599 -699 -6964 -6476 1968 -7257 2526 4000 6692 -2052 -6508 5864 7037 8472 6044 5356 -1690 9205 4738 4139 8277 -2730 -5169 -9595 5627 6179 -7779 -7027 982 4130
33 3414 -3881 7399 7005 -8427 3058 -3794 -2478 -8253 3648 2522 -9612 6163 459 8220 3094 -2553 -3751 -9294 -4912 9113 5098 1269 6151 -3024 6953 -8853 -4760 6181 3543 -6917 -3576 3889
93 370 -1109 7669 101 811 -4158 -7760 -8226 -8092 88 1996 -3795 -6447 -8019 300 1229 -2077 6170 -5175 7935 -3055 -1356 -3234 2574 -69 -7901 1782 -683 5974 961 -4615 6535 510 -6101 -3268 -8223 480 1820 5459 5088 -5612 -6273 -5509 7662 -7456 5773 1454 1990 9997 7647 2032 7627 -3723 -2651 -888 2792 39 -2962 5506 4474 -142 -2602 -7204 2447 -4746 4907 9783 -3490 -424 -6353 2771 6321 -1051 3008 5296 -8091 1351 3877 -2138 2015 -2788 -1845 6465 -2158 -617 -9137 -9971 5646 2285 1418 4300 2099 969
80 -229 -5458 -2589 3654 -7725 56 -5591 -1135 -5531 1383 -6570 -11 4259 4490 -2435 2227 -1414 5217 6937 3177 4859 -7238 8093 -3474 -4038 8059 -9648 -7920 4729 3858 -1005 3192 3018 -7674 4803 3414 2857 -3918 -9043 8906 2279 -3725 -9779 -1459 8150 -3948 148 -2975 561 749 662 -3980 -3550 -4043 5747 -5433 -6308 -3672 7406 -2526 4302 8902 146 -4892 4755 -541 -7785 -1729 -5031 -7261 4790 6087 2044 -8907 5230 -229 8066 -2967 1493 -7616
67 8647 918 -8063 -9582 4331 5689 3520 -165 -4041 -1277 -765 8902 -4465 8882 2421 -488 -9388 403 3755 -7051 -3813 2643 9948 -1474 6383 -6583 -3095 -5050 -5678 3779 -5769 -4339 7988 -4766 5205 1151 -4765 -5617 -8848 -8163 3606 762 9363 3968 5507 -3139 1787 8779 -8983 -9927 -9756 6795 -3914 -9920 2106 -1559 -6540 -5352 5796 -2012 -9255 -8625 -38 3799 937 2491 -9932
37 5396 -412 -5485 -2105 -2532 -2078 -980 -6348 0 -2847 -7098 -888 -6907 -2163 -4971 -8014 -5532 -9984 -9510 -1374 -944 -849 -1270 -4295 9546 6551 -5408 -9556 8171 -3130 8711 -6945 6322 -4486 -8194 6278 -8428
80 7779 4288 -5351 4394 5026 3522 -7243 9624 8995 -6849 9681 -7380 -8858 -617 104 -7937 2187 -1720 -2750 468 -9321 5859 -7540 -9572 914 7826 540 -8241 7576 -1911 -7754 7791 -5770 -5390 -4166 -1293 -5188 -1988 -6139 2078 6912 2423 3261 -7545 2419 8541 4127 -9863 3041 -1007 -4121 -4588 7716 8564 -7956 -9564 -2131 -4567 2213 9507 8220 9827 -1664 -4783 6044 6498 -6712 -4288 -7098 -8789 -6470 1724 -2255 1866 -4350 -3822 8840 -308 4181 2632
30 -4118 -1007 8378 -9080 8836 3284 -169 2562 -2667 -6568 9148 2415 -3150 -8104 -3071 6341 4882 -6853 8482 -228 -309 -4524 5145 -3408 3410 -4903 85 7807 -3314 974
93 -5323 8297 1055 -9893 -9851 -3586 8539 9414 9605 -9008 6343 24 -7485 3568 -600 4880 7110 -7527 4613 -802 -2522 -3952 6015 8396 -1972 -7570 -9813 -8969 -477 -8235 -3348 -6262 4839 8498 8490 -9389 9349 -3248 -3166 -1447 6712 -1225 4953 4647 9374 314 -4405 8222 8678 -4747 -7091 9250 23 -815 5700 -7419 8968 8414 860 8906 1142 -9571 8868 5594 -4999 1131 -3782 -2101 -7776 1901 -7136 -35 2717 9899 -8943 -2822 -9620 -7509 2519 -4595 -5506 -7509 -1687 6952 -4769 -1656 -5474 2600 8577 -516 7845 -7734 -5438
27 -1111 2445 -2095 2325 -5817 -4232 -6216 -5146 1467 9028 1415 2114 -147 -1763 -4881 305 2854 9986 -6725 2923 213 1557 3860 -8216 -1646 1866 2632
80 -4166 -4976 5437 5593 -1200 1317 -6258 -2427 1493 -8148 1209 -6326 6796 2724 -4004 3712 4224 -2391 -5614 -4521 3562 -6038 -7105 -9664 -8662 -1124 9794 6019 7309 2768 449 -1094 -9174 -3169 -1073 5428 -8766 7547 8226 -3336 5007 7386 1234 1115 9266 2937 4498 915 9926 -1090 -1053 1608 5151 -1823 5931 -462 -1313 8843 5806 -2744 4331 -8550 6787 8518 6554 -3474 -2155 -930 6892 -8439 5461 -719 3603 4722 -2883 -386 -2461 9088 5615 -1258
34 -8926 1201 -3167 4918 -5584 -5169 -5742 -3449 -5519 -6924 258 79 4551 -1413 -1168 -2984 -7053 -2900 -7928 -4370 704 8029 -7 4742 -795 -9869 6503 6570 2743 -453 -875 6224 -9950 -5761
71 -7898 -3747 -9011 -2801 -6516 2707 -3619 -2512 1962 7524 5208 -3923 -1078 -1720 -9563 -4716 -2377 6461 -6772 2578 -2862 3984 -3180 -9949 5401 4276 -8146 -9041 7949 2670 8194 6855 -8882 8548 -6255 -2281 -1665 -4359 -8841 3955 2026 -8027 -1218 8779 8164 8149 -336 -382 -4110 -4449 757 1972 9447 2747 -9552 4842 -2046 6410 7168 4763 9140 1571 -2221 4358 7178 9302 -8355 -4948 -1815 -2394 7998
