16
66 9448 -1903 2344 6113 -3068 -8397 -3426 1597 7377 -2685 -6315 4140 -2313 -5402 6906 5529 -1479 -8086 -4371 2322 2504 -2242 8084 -5681 5866 -6149 3173 -5639 -1973 2965 1739 -6521 8663 3186 9447 -6667 1185 -8935 7598 113 6207 8288 -6564 -3173 -4672 3840 1476 6464 7153 -1657 -5702 -9738 2296 -1953 -4281 -2186 9266 -4777 9519 4787 9887 9814 2532 -8595 -6245 3833
50 -6373 2023 8454 -3765 -6484 5946 -702 -1842 -6235 7554 6566 -6438 5248 9439 -1115 5659 -1932 4873 7501 5190 -3413 2760 2922 7907 8731 138 -4940 6125 5451 6949 6756 8815 -4804 6479 -8920 4329 1133 9055 5439 411 -9865 8804 -8853 -7178 -6126 6361 -8585 1792 6455 2562
72 -5757 9382 -9244 342 4729 3569 8374 -2608 1835 2951 -1474 -3741 -8645 9159 9355 -8185 -5843 7177 5909 5913 -1358 6063 6644 -7787 5133 9953 -315 -6909 -9088 681 -6868 -2367 -2960 4215 3306 -1120 -9656 3227 -7190 2247 -5783 -7622 -9625 5926 3694 -1581 601 -9684 902 5622 -8752 729 -5919 3468 -222 -6806 4424 97 -2908 813 8695 9162 -926 -9306 -5465 9708 3052 8091 -2464 7230 5713 7977
12 -1711 2337 -981 5246 -9968 7810 -9140 -1118 4957 5746 -6202 2963
67 169 -896 6869 -1524 -8329 -8247 3017 -620 -801 3200 1084 7036 9089 9990 9791 8881 -6107 -667 5089 2696 2060 4413 -4954 -8143 -9520 -3441 -6203 2800 -6757 -8191 -1664 3868 5302 -8929 1034 8792 437 -893 8221 -5261 917 1081 -3194 -1145 -714 -1017 4835 2539 246 5519 691 -9899 3260 5272 -5541 4887 -2482 -7447 -1220 -7888 -1255 7636 3584 -6467 -5649 -6245 -8034
19 -9787 -9893 -8423 1478 -1071 -2885 -7212 9863 9374 241 -3052 9597 -9622 1823 -389 4390 -734 7512 2139
84 -1897 -1877 4806 4921 -1690 -5586 -8029 2045 -3667 5566 -3340 -7314 -1950 -3218 7666 5756 -5714 -1138 4208 9656 7550 -2802 9130 5867 -3629 -9039 666 -4639 4309 -7368 -1111 -7468 -9729 267 -7248 3199 6673 1112 -7084 8189 -8618 8368 2814 2880 -3720 -8947 4478 -7691 3641 -6484 6928 -9903 -5363 1993 7080 -4530 2 -9289 72 7161 254 -7885 9912 -3771 -1020 189 -1290 9127 2226 -677 -3388 5708 4698 6375 -2825 9198 -7514 8172 -3230 -1378 9712 8791 -3727 3095
84 -7073 -3930 -9092 -9059 -5569 5936 3384 3739 -4118 1881 -3187 -2695 6146 8797 618 -3107 -1214 8446 5799 -5454 6670 7121 -5174 -146 1945 2771 8871 3855 -8920 7517 6739 -2767 6344 -647 8254 -7484 -138 5539 1739 -457 -7089 -3862 -1720 -6069 2885 -8341 5095 -7384 1997 -6160 3727 3687 1577 -8246 382 4360 1361 -5663 2718 1119 9470 3278 -2936 -8826 1420 -9907 4385 -2272 1752 -6964 3118 -6009 -6969 9909 4642 -4630 7460 -121 -216 -9719 -3211 9658 9818 -1038
20 5929 -9401 -5290 -4904 1104 3045 3093 -6391 7612 1279 -4691 -40 -1906 6711 -9818 -8763 1838 -3573 4820 9793
57 -7432 1452 1482 -5668 9025 -6235 -1366 -5672 5084 1551 -7243 -8419 2288 -8348 5961 -8384 4333 346 -8403 4530 -5206 -7670 7151 4301 9870 -9441 8221 -4820 2994 -4233 6859 9268 8024 -2755 7922 -3783 -8290 -4186 1739 2927 -4376 1682 -931 -358 -3427 2892 -7376 -8463 7034 7742 3407 5211 -3309 -7991 -4045 -8000 -4856
16 2588 -8689 -8684 -5907 6638 -5794 6150 9084 -8464 5582 -8842 -2473 173 2146 3314 -948
9 8080 -3957 7837 -663 64 -8016 5983 -9132 3215
20 4514 -3805 -3677 2701 7589 313 7498 -2748 750 -4714 -4877 93 -192 -6856 3685 9612 6274 5838 -2700 5872
30 -6411 -9320 -9654 -4330 -6276 -2657 295 -3948 -4616 7698 7358 -8359 5917 -4140 -8597 -3441 -1675 6532 -3172 -5692 -7041 7638 -9797 3960 8175 -1483 3377 -3390 7361 -9487
83 3548 1882 8339 229 -9094 -1471 -5359 5657 -888 9820 3083 1633 9665 1729 7341 7326 -5266 -852 -4587 -7630 -6862 -6290 -1777 9336 9793 -638 -1615 -8717 4514 -691 -4460 4490 -4516 2300 -1890 2355 3756 1400 6152 -481 2963 8103 100 -6951 5898 825 -7165 -7110 7687 -1342 3494 5166 -7662 -3501 -1413 -9729 -600 6780 -7003 7755 6046 7934 -747 556 677 5469 2885 1171 8865 -4984 2655 -4325 -4906 1161 -4521 -913 678 -9526 -1385 1886 -6835 540 -9593
79 5650 3881 912 -393 3840 7417 6863 7532 -6748 -1701 -7723 9647 -1137 -6260 8403 8197 -5844 1331 6772 6112 -8951 2571 -7146 3628 -2755 9400 -5957 1373 9776 -5737 -6202 -769 -8631 -892 -1851 -7861 6808 -1615 -5703 -4181 -6526 -7024 -4188 6903 -4429 -4200 -8745 9735 3476 7085 895 3397 3760 1410 2534 1842 270 1970 -8620 9001 -9824 4730 8247 -6790 6926 -388 7655 5408 -7676 -9961 -4166 3589 -1414 1551 7885 6793 -9684 6910 -8885
