13
41 3748 -2510 -9899 2654 4113 5291 -5130 -6906 3730 9039 -7877 -6216 1424 -2163 3012 -2537 -1656 9434 -1590 -6880 2352 6123 6825 -1721 -5764 -5129 -5202 8323 4888 8235 -5471 -1574 8550 -488 9396 -5999 6528 -9242 -5301 7978 6871
94 -5340 5345 -7419 6304 -7763 -5023 -8060 -310 4518 6617 9194 3615 -8244 1211 1766 8540 -4695 2166 -7432 -3455 -5138 -6541 5036 -3626 -6305 -381 2087 4167 -148 5296 -3057 9475 -1932 -1906 -9222 -8719 2809 -711 3747 -9885 -693 9391 3309 -9972 -3039 2005 -634 6926 -9728 -5486 813 -7858 -1044 -8434 7758 -2685 6327 3732 -2666 -629 -9909 -4944 9222 2491 -3043 -8240 3512 9901 7397 3835 -9193 -8276 9174 854 4061 3963 2570 -1998 -1717 9195 9380 2495 -7139 -6256 -9305 -8696 -1918 4544 7007 1053 -233 -5101 3330 -6573
12 8631 5032 -7289 7762 4410 -6851 2844 7325 5741 3292 6889 -4747
11 9085 307 8766 -9943 -292 962 4278 5102 -7524 -5458 -9660
26 -5530 -1592 2658 -1039 6686 3557 -1335 -7712 -8137 7222 -3384 2657 -7331 6386 3150 1354 -3315 5289 5608 -5864 8776 -4000 7194 4077 -204 1594
16 -7530 -2280 -711 -8290 1340 3053 8503 -9912 5483 -7824 4267 -4331 3368 -8685 -9357 3300
2 4022 -411
75 -3695 336 3615 7845 7993 2194 -7558 2905 2397 -4446 5762 -8325 9553 -8560 8548 7652 -4583 -2309 1396 -4296 1751 -1521 -1672 5377 68 7377 7064 9795 -7221 5316 9041 -703 4332 -6150 -9307 3865 -6299 -7233 -2499 789 6670 2016 6001 5273 -4824 2163 -8825 -1540 -629 9302 5680 9129 -9310 -930 3210 -3166 9903 1656 -1232 2930 -947 6146 2563 3157 -7230 -6879 -7697 9602 -4735 3852 1104 -6785 7963 -3745 1341
82 -511 -6155 1134 9850 -4476 -3853 -8063 720 -7743 2492 3707 7998 5067 3978 -6730 -2339 4093 -911 5112 1721 6251 -9962 6116 1205 -587 -8049 -2713 -9536 -6481 2027 8121 -9935 8623 -7573 8794 -6431 5264 8584 -9824 -7448 -8263 -8694 -3872 9370 -2310 7831 -8922 -6212 -8720 9391 8054 -9891 8254 -3607 4443 -4404 -7061 8381 -7491 -4806 6122 3128 -5000 7225 -2014 -1074 -4750 9344 -9967 7674 2484 -661 4127 432 -2077 1088 -3820 9993 9199 -1934 -3767 -6840
50 -4890 -8744 706 4660 -7502 -3780 4843 6521 -5920 8023 -6878 6069 3295 9778 6319 1693 8940 3219 -7679 -6228 -1315 -7470 9684 -6644 -4996 1765 9481 -5140 5533 -6510 5098 9925 3291 7236 -568 9380 -3441 -1925 -1619 6425 -1313 4025 -3399 -7660 -8527 -1878 -7768 9241 -8509 1109
32 6582 -5911 6445 -9921 4195 9226 -3149 -352 -2882 -4732 -9436 2652 4840 3169 -4259 -3862 -6491 2430 317 -8460 6156 -7448 1112 -4 -1124 3338 3566 676 -5092 -4486 -552 6471
5 9726 -9681 -9452 -9729 -7310
83 -4032 8537 -9392 768 -8357 977 -6983 -2848 8138 -8290 175 -9354 2356 6379 6717 -8204 -6015 8544 -1636 -3143 -9478 6472 3939 2605 1047 6324 1610 1634 -4060 5344 -2389 6026 -2140 2425 -4209 -9275 -1541 -6957 7489 4665 -3537 5011 93 -3145 -8512 4078 2304 9309 -2627 2684 -3866 -3738 4443 5825 9431 2796 -3776 -8525 -7260 -607 8982 9520 -4158 9065 3962 -1764 6114 -5058 -4317 1047 -1389 -2824 -9749 -4467 5399 -2001 -368 8260 -3353 3721 8848 5790 8685
