17
30 -2691 -9790 -9772 994 -2291 6265 -5391 -9931 5374 3579 -6570 -9680 -1915 -8854 5336 768 1545 -8558 -7779 7949 2204 6079 -1254 -8687 7123 -7566 -4762 4101 9484 -4242
60 8695 7983 3167 1258 5845 -9885 8411 -9360 -4150 4282 722 7300 545 6318 -5645 8521 2745 9453 -4098 8047 7770 -1890 84 -7867 2104 -3698 -5283 -5658 6060 3407 -4653 -7066 -7368 2911 2596 5538 6565 -8735 -4144 9495 -4804 8590 3330 -1925 -6114 -9471 7145 -6905 522 -8513 -5932 3560 7849 7744 3768 -2858 13 -5027 -349 -7513
12 -9068 -7344 -201 -3691 -6995 -7383 -9732 3141 -5955 6970 -2965 9842
70 2026 -5467 2954 -5130 3106 2010 -5866 7186 2427 2076 9935 -9823 -2893 -1318 -8790 -3100 -1232 -7418 6931 363 -7711 -8260 3862 7529 4254 1134 -6369 285 234 -6836 8316 -3692 -9061 -6950 6637 2147 153 -5775 4773 3890 6856 -4343 -9650 4551 6751 6945 570 2928 -3487 2086 -7008 -7808 -9338 -8905 -5088 -6892 -4159 -5061 4895 -8513 9985 -5930 9138 8873 8732 -6715 7405 -8813 -6035 1930
10 -5766 722 -543 -2786 -6531 4046 8951 -7814 -9930 2892
40 8405 5324 -5201 4542 2771 4119 1506 -4783 -5070 4331 8286 2382 2817 2147 9315 9059 7309 -6737 9009 -3406 6877 -5759 -4575 6427 -6180 4889 3114 6006 -3647 -9367 794 -5789 4154 -8558 -9091 7425 3891 4430 3993 -9922
27 -1490 -9409 1921 -292 9931 -6436 5287 -3488 -3617 8993 1233 -6308 6364 1883 -6190 9635 5966 -9094 -8618 -3554 -503 -5998 5458 -4687 3273 -2248 9032
95 8937 9535 240 6924 5650 -3255 -8099 -6265 -3621 -498 4284 -4994 -5093 -800 -8185 -459 5419 -8710 7675 -1033 7917 2055 3141 6754 6946 -4998 5671 -7736 -2702 -7443 -7595 -686 4110 907 5877 -5325 8017 -2740 3529 8628 -4325 4831 -3625 -1636 -1353 -24 2208 -1797 -2709 9483 6379 5207 4052 -9253 7485 526 5036 -2085 9082 6775 8179 -9903 -3688 7582 -8113 -5056 1186 -5264 595 -8359 -2064 -4284 -8883 -8594 7961 247 7685 -3484 -8455 4953 -3065 -563 8984 -5572 -4432 -7573 5728 5658 9832 5984 8811 3195 -9359 -7176 -3482
67 9834 1632 -435 -8415 -1952 -9279 9806 -1548 4838 -6360 2088 8528 6712 7373 -2465 864 1436 3651 -7420 3692 3469 -9318 3331 3508 -3063 -2146 -8025 7091 1777 -4797 -5909 -4695 2070 858 4680 5342 7186 -8340 2998 343 -5068 7215 -2472 9660 7557 -6967 -4216 -4428 8239 8602 -1477 3810 6553 -3805 6602 6958 -9426 -6389 6589 -1199 -5225 7095 -9114 -321 6692 -5359 4078
43 -7835 8146 -1888 -637 -7493 -5899 7082 2105 -4192 -3793 206 3463 -1949 6202 3316 -977 -6132 -1906 4948 530 -3387 -2866 -501 -6969 8769 6577 666 9699 9077 2869 -2543 3484 2288 1491 5895 779 -564 -9643 -5401 9080 3000 9394 4755
97 -8795 4182 9826 -4833 -5908 -9916 -3917 -6453 1409 7779 2310 1759 4928 -6140 896 9387 9050 -6265 -3145 -2062 3700 -8080 -3440 9453 -5791 -2932 7383 -4636 -3432 636 -3962 7196 -7782 869 -1857 4559 -2951 -9573 1911 8165 2272 -7774 -2918 1216 6395 -1689 -5005 -2770 7415 -4767 -3722 3525 -8536 -4693 2577 -4497 1867 -4606 6032 -3604 -4535 8886 -7110 -5325 -379 -3056 -9335 -5552 -3216 9543 2496 -778 -7693 2684 -8463 -4673 -9374 9982 -4917 5606 -890 7478 -2871 6389 -7605 2194 2555 7664 -4907 -9686 8318 8369 225 6293 6904 709 -3948
46 -4090 -194 -3092 4590 869 -7635 -5941 8038 -7054 2741 6325 -3240 -7965 -834 4331 -5181 -2622 -8545 4435 -2542 6908 5757 -825 1836 -7842 8944 7912 -580 2559 6873 -9941 1427 -89 -4962 9491 4891 -6822 5819 7460 5737 7086 6659 690 -2886 -289 5757
7 -6352 -2536 4816 -1018 7615 9230 9381
99 -337 -8710 -4691 2738 -9341 4283 -5452 -9647 8627 -8631 -9723 3320 -9528 -4336 7480 9342 -8961 -5165 6732 5290 2292 3659 -2143 5236 -7270 -962 -7699 -5875 8958 2062 4652 9637 4398 -304 539 4761 -2211 -5972 7092 -5407 6040 2351 -124 241 -5876 4773 -2624 1709 3489 3834 2152 -5943 7658 6905 -3943 -634 -8624 -8897 -8088 -6518 9532 6941 5083 -1672 5701 -2081 -7882 -3326 -4976 -8141 465 6905 -954 6888 4612 2727 1021 5656 -169 550 -8251 3080 -3861 2713 2194 4512 4382 -662 3971 5020 3506 509 5258 6466 8917 -3836 1318 3999 799
78 4263 -5353 -2729 4169 8119 9144 -1648 -9690 -7153 -8312 -8878 -9404 4115 7887 -826 3665 2555 -3698 2420 7632 147 7735 -5007 -1492 2635 -3384 7878 7230 -8776 4611 8315 -9932 -2400 -6544 -2139 5820 -4874 -7803 5823 -1705 7193 3503 1766 -8556 1433 9765 9156 3978 5535 8261 -8432 -9547 -5009 1824 7645 -6203 7627 7041 -6386 4447 -6594 4531 5247 -5831 -8841 -1187 -5973 -4545 -9961 4276 5338 7678 9851 -6626 6927 4765 2318 -1131
85 -8531 6587 5645 4556 8036 -7463 4360 -1221 2228 6139 5787 -2377 4042 9665 -159 7733 -2969 -9730 8713 -9927 9925 -5180 -1710 7551 8238 -5490 -8602 3682 -341 -9165 -8259 -1594 -9469 7938 -3533 433 -4252 5244 -1045 6804 2570 4424 9576 -2625 1831 7501 -8133 9901 9655 5756 -811 3031 3772 -2787 -9321 9512 9432 8366 -262 -5651 -7814 -9147 -3659 -5152 5644 2289 -7662 -5863 1876 3146 -9636 -8284 5201 -6665 -7044 9258 865 -6112 -4432 -2420 1261 4195 -9439 -1899 4235
86 -8961 1899 -5206 -1100 -7372 9943 2331 8557 1146 -632 -7554 -2408 1890 8743 -7473 2129 8691 6403 -9699 -3424 -7825 9480 1039 4419 -5746 2759 -4392 6864 -7836 -4485 -8876 -7463 1609 3901 -9126 2175 -6399 6763 1873 -8956 -5442 1677 -7033 3544 4421 -7337 7530 -5968 -2121 2224 -8210 -4329 -6838 -7772 8800 -1133 784 -4185 -7813 -9039 4986 -9367 5464 1066 6058 9202 -8219 -1486 -352 -3133 -9417 -7602 -4020 6675 -7198 5470 -4439 -6811 1614 -7732 -9071 -6504 385 5805 -7995 1928
