11
35 -8725 -8449 -6697 6806 -5865 -2321 -6358 5583 -9487 -5079 -5310 -7663 -9525 364 -5966 6675 -8658 4162 8644 5680 -8091 3499 -5657 2092 3745 -2144 -5267 1560 -4794 -7705 5972 -8249 -7533 -4892 -3824
26 1509 -2479 -2201 5312 -2908 -3998 -5055 2776 8586 6562 -3351 3265 8569 3848 9850 -6428 -4135 -2395 2849 2237 -3531 -5151 3642 2727 -21 5113
58 -6029 -5356 7003 4395 -4912 4574 4157 -3534 7969 -2148 -9569 7803 -5439 -8237 -730 4029 9415 7411 -8793 6676 -8561 -9610 -2420 876 2041 -5008 4079 -6316 2661 -9773 -6982 8501 -3670 -5961 -1736 9018 -9691 -8870 -4996 -334 6232 -6851 9223 -6225 -3916 1512 -2444 7280 2495 4103 -21 871 -1106 9092 -4957 7590 -8566 6955
2 -7552 -6251
81 3237 1274 -11 -7350 -3707 9701 -6314 6167 -2203 -4124 -2035 -5027 6146 -4873 2219 2086 -4442 -6232 -6200 -811 6539 113 -9265 -2910 4461 -2886 -4069 -2020 6575 -8712 790 7019 -6438 -8792 4774 -7944 -4317 2987 -3073 -2686 4467 -8838 -5977 -563 3178 -3012 2144 -7545 7547 9743 -487 6487 1933 -9141 -9577 4538 -3936 -2159 7864 -2747 5139 317 -8974 7851 9825 6367 -652 5988 3224 6232 -8282 9013 -7538 -8351 4533 -8373 -5859 7306 -5263 4839 -4182
9 -5479 8577 4627 2531 -9231 7499 9746 7296 -7754
37 2510 2054 -8880 -2299 6364 1946 745 1756 -6889 3214 9220 -5715 -5703 -2956 -829 7917 3021 -8872 2461 -7270 -8989 7556 7943 -2177 -563 -2207 8413 5886 -4420 -7666 -5216 -7112 -2587 9807 -9975 -1726 -4931
86 1901 -3763 -4436 183 8977 3009 -1892 -4564 1358 -7200 -1736 1821 7396 -4861 -8111 3130 -3579 8251 1270 2391 5659 -6966 9273 -9106 4621 -5334 4277 8834 -4955 6721 2915 -1439 -9231 5132 5695 -976 1868 4923 -4863 8912 4298 1097 1190 189 -9874 -3669 4185 -5563 3741 -8450 2093 -1622 6228 -7081 3389 904 -8361 7881 4036 -6479 -9103 -2790 8656 -8403 -9005 -941 5480 -113 5805 -5071 -3150 6587 5417 7708 -2942 2753 2465 8218 7327 1979 -3947 -4273 -4511 -7684 -4527 2347
99 1857 3188 8102 -6814 -4601 -9730 -3815 8515 -1813 -708 5457 9035 -3546 -5143 -1889 -7086 -704 -8027 -6480 -7821 -887 -988 -8602 -3914 -4097 9987 8120 9181 -9208 3456 2107 5430 5242 -8966 -2827 9700 -7287 -9108 2738 9880 8813 2166 -108 -6916 -9911 2197 -2916 -5119 -1188 2402 763 -65 -1752 -5176 7999 7979 6865 222 -1426 -3400 -6824 -1085 7042 36 846 6278 -7281 1349 -517 -6337 3307 3381 -5452 5390 -186 -7148 -1689 -9471 -6131 3975 1639 2532 4518 -2480 6409 2629 6335 -2505 -1768 5774 -889 709 1675 -5133 2096 5092 -4948 4447 -3638
97 5682 -4878 2338 7555 -5230 6265 -4628 7977 1195 8654 -9845 4228 -4747 -1826 9496 8078 7254 -3569 -6818 930 -2017 -1868 777 2952 -7528 -8006 6507 -1987 4459 -466 -4371 9779 6905 9522 4468 -380 -8930 -9720 -6407 -8832 8998 7963 711 6050 4556 738 -8435 -2905 -7173 6160 104 -4599 -5343 -8269 8651 1894 -284 -6529 -3354 -6348 1603 -5624 -4614 -9872 -9450 1985 -2994 -7012 1471 -9202 -7614 3691 -7421 -7349 -9539 5197 4586 4428 -4319 -4073 1819 3843 -3370 1900 5035 3543 5764 110 3893 6107 -8791 -3994 5327 -9357 -603 9104 9738
77 7164 -5350 3791 -4350 7462 -7328 8594 -1393 -5179 -6568 6074 -3702 -9168 -2796 2722 -4720 -7803 -6855 7134 -7854 -4956 -3068 7295 -9202 8476 31 313 -7306 8714 -3222 2641 2137 -3674 -9208 -7973 -7415 2518 -830 -769 -3304 -2539 8588 -5957 9905 -8651 -3052 -1935 -3008 -8568 4964 7987 7242 -5732 -2760 -4615 -4816 9566 8544 -6999 -1593 8050 -6848 1664 2574 9272 -950 5094 -3746 4719 -317 -6926 5439 -9713 568 2282 2767 -2001
