18
11 9132 3900 3769 1809 8066 -6526 -8355 4036 295 4675 1464
55 1306 -8204 8024 2333 2225 9561 8369 1267 -1280 3484 8322 -8545 7187 -2590 788 -7147 8002 8698 -9067 -1052 -4412 1296 3124 6263 -5372 7140 -8604 -8635 -5138 662 -2076 -3814 9931 -5809 4810 5602 -2431 -5952 857 8443 -2445 -3524 298 -3977 -9652 -2000 -1512 4939 -4909 3356 -8513 -6857 2426 -1310 8218
96 8106 9272 -5335 7671 -6271 -1813 -8899 5848 -373 3545 -7524 -6628 7259 6347 2453 6506 -5515 -3117 -2720 -7735 -1053 -2903 4968 7915 -6061 -2106 9897 2325 -7844 7176 -1390 300 -6263 -297 -7119 -9096 8666 -6588 7204 -2624 4385 9694 6324 5070 -3482 1251 -3763 4733 8574 -5499 2520 -8902 5734 -4629 -5389 -3612 9921 869 -489 668 -6133 3406 -6692 3756 -1216 6207 8400 -4027 -4952 9552 1272 -3472 2780 4656 9700 -236 -4439 6407 -9041 4442 7092 -4883 7640 9845 -3973 -1283 -9955 -9892 5334 -7288 -3852 6325 -983 -4124 5480 -2414
71 1621 1255 7114 5868 7264 -8884 1650 -1542 -4477 -2044 -9586 -1000 -2050 3254 91 9573 4356 1206 -8390 -1267 8293 -8075 4543 231 -5895 -3560 4493 -3556 9412 -5886 680 -6896 9777 -1296 4596 -9068 5729 -9066 -5922 3267 -2476 -9250 8120 881 -2714 -6712 -6294 1966 -9733 -6222 -9714 -766 2049 -4138 1323 -5281 8487 3001 2714 -3756 -6612 5197 -9464 6941 -2717 873 3426 8152 -1137 7830 -1662
85 -7490 9876 664 1127 1782 -1600 7174 637 4890 -8429 -8766 5653 3271 -7936 -4787 -8824 -1277 4065 -8979 9586 1516 -1245 2441 5372 -6249 -9987 5989 -7899 -3160 5436 453 -6281 1959 -2736 -1340 -9024 1338 -3886 -5298 -1742 363 -4611 1239 1565 5561 -6352 -390 3084 -1751 9085 -3519 7792 5144 -868 -4323 -4019 -9859 5893 -9737 -7453 7490 -8183 9117 8724 -2640 -5865 -6621 671 -9976 9224 -2993 -1631 -3770 4255 4608 -7293 9547 2060 -7974 1838 -9812 -375 -9791 9480 9848
20 -8718 -5946 9818 7682 -3503 6821 3742 -100 8637 -6019 -7121 495 8138 -798 85 6455 9467 1512 5257 -4895
83 -7291 5059 499 1117 7791 -4284 1145 627 8679 -9778 -9476 -2173 3797 -9643 -3004 -1740 9028 5130 -1268 -3481 -9203 -4244 -2986 -1823 -3466 -9731 -2739 -2922 -2307 -1892 7698 -2479 5614 -4466 -3183 -7137 -3001 -2783 -7561 -6097 9275 -2019 -2761 -1696 4927 -1109 148 -2720 3050 5581 -2757 -4305 9487 -5526 -3147 -8733 -1868 -6721 3315 6757 -7994 3532 -9171 -5409 -2276 -4073 6123 -5829 6120 6101 -6607 -5248 3855 -1941 8971 -1901 -4158 2240 264 -1669 459 6601 -6006
37 6838 -927 -8561 -342 -5159 -3511 -3650 -9151 -891 7802 3567 -9761 -9024 4884 -9802 9416 -7141 -7047 4492 2873 -6848 9740 -5945 3271 -4488 6688 6416 -1272 -8212 -4582 -8818 -6163 9511 458 4619 2315 -7074
21 4503 -9487 -6444 -2841 -1249 9663 -4301 7901 -813 -4895 7755 958 5890 -2107 -4968 -6012 -904 3164 6419 -4024 9538
10 -6303 7350 -4362 -5198 -9432 -9452 -3668 -9234 2693 -7403
18 7163 4691 -4644 -4571 -47 2562 4182 201 -6338 8617 5260 -6470 -8148 1794 -8621 1389 2998 -8640
23 745 -8910 3574 -7897 -4565 7372 2758 8288 4672 -3238 6484 7542 -7744 -9618 2919 -3837 -8307 7543 -5168 1079 -910 -3951 -1574
10 9700 9260 9308 -4668 -4198 -1548 -6041 -7869 1390 7883
89 -2990 -3576 -6686 -4629 1160 3812 8335 -9904 6154 -1372 5773 -8754 -8086 -5603 -6631 8618 886 -3028 -4852 -8539 767 -6167 9022 -5510 2926 3342 802 -7740 -8070 -7816 -3532 -2578 6014 -8788 -3164 4770 3692 -219 -8048 -5550 -5891 184 4206 2570 6662 -867 -9037 5987 4946 -2611 4171 -8587 4430 -8447 4105 968 883 2518 -3766 -5191 -4896 34 -1957 8265 1213 7374 5209 -5019 -4756 2675 3991 1427 -706 -8462 -3886 -9162 -7154 -743 4804 7130 -8830 -5538 2722 1089 8659 -9949 2877 -1337 3517
78 3335 749 -5557 -8331 7580 7139 4259 8588 -9015 9299 8419 4070 9675 -1482 1796 -140 9216 -5395 1840 9603 -4797 2239 225 4185 6429 -6294 -9643 7713 -5126 -3321 6949 -9784 -3002 -9658 4580 1161 3366 515 5271 -8029 3568 -8472 -1366 8352 -6284 -8518 -8464 -2951 -8792 38 512 -9703 -2547 -8429 3624 -1765 -5500 -9359 2856 -6749 -2817 541 4621 -990 6315 -6602 2186 -335 5821 -3211 3173 4794 -3574 -604 -33 -6332 -5343 -6277
57 -7489 4939 -3660 -5387 -1346 -237 -417 -9576 -1801 1723 -2068 8488 -5062 -1076 7688 -7504 -4496 6504 -3982 -9465 1769 9807 -3413 -9109 1126 -7732 6023 -9567 -779 -7938 5165 -3249 3866 635 -1870 8438 -753 5326 6192 -1876 1081 -4734 -3948 2471 -550 -1637 -7384 -2256 -7759 -3358 -1008 -3380 5120 7759 7279 8004 834
46 5001 6936 6031 -7284 -3171 -5171 -2123 -6081 8594 8824 -5572 -4563 -5890 5428 -9921 9662 -3971 -2323 -3807 6042 8910 -8469 3515 4052 4617 6489 -2613 -8628 5050 -4537 3158 -8213 -1946 3460 3496 1569 -4649 5192 -2258 5658 -4241 2329 -4937 1522 -4871 -7797
58 3693 -442 -7840 -4628 4896 3829 -3056 4337 -8069 -5631 6166 4410 -1142 2661 8923 356 -7960 637 6892 9720 -7140 1302 -5659 3661 -6594 4779 -8005 2438 -9772 -5062 -1475 -1883 -5537 -6977 -586 7485 -6027 -8158 6362 -402 -9011 8288 9322 1808 -8165 -8589 7384 -8862 -8052 -4036 -373 4707 -320 -6061 -8493 2892 -4488 -1314
