10
30 -3855 -7529 5149 -1779 2792 6883 5868 2073 7552 -5383 1626 346 -2323 7458 8477 -909 -616 -9063 -6096 628 -37 -5917 13 1630 -4988 -9700 -6455 8926 -4581 9946
7 3401 -6405 3372 -1756 -6415 -2779 -5492
74 -3608 9772 -6302 3389 -6930 622 -5459 6076 7631 -6919 3702 -9551 -5959 -3109 -5245 6069 -4288 9574 4011 -8210 -8778 1802 1564 -7527 1020 -4604 9898 -7842 795 -3328 4263 7816 7862 -8019 -8449 -6042 -2752 1 4005 1200 7238 -3093 -1814 8084 2216 5713 -4350 8567 -6712 -4734 -59 -6441 -9109 3846 2202 928 -5333 -2153 662 -7426 -7595 9780 5009 -7238 4659 -4449 2620 7893 -3829 4169 2098 -1966 -8751 206
84 -9240 6942 3971 -2508 2733 -8426 2718 -6984 -9751 704 -9969 8541 3763 -9131 -4239 -5701 -5167 -34 -6853 -291 -763 -4141 -486 1477 7137 5555 7499 -979 -2323 7372 -7510 2790 345 9249 -4449 -8479 -4090 -1894 4920 2582 -7321 2324 -77 8764 2809 -1946 2436 530 2490 8230 6788 -3044 -8104 3261 -4677 -1991 4740 8380 -1647 -4302 -3556 -9923 -4597 8025 5848 -6081 4514 -5221 7146 -4710 -917 5767 -7274 -585 -7461 835 -2569 -7746 -9979 2980 -8308 2269 121 8374
41 3904 -6308 1436 1994 6262 -9888 -718 8093 1335 5291 8611 -4859 6785 5722 8821 8861 -6919 3559 500 9653 7747 -3911 -1559 5963 9811 -9113 -4754 1630 -6352 -5417 9360 8451 -7461 9133 9356 -3403 -5505 7661 -7518 -2337 7495
31 4944 3737 -7748 8429 2624 -5460 9836 -6621 -7761 -6452 -5201 -8726 -6005 6671 -7728 -2524 6921 347 2972 2991 -8893 -9730 4838 6986 -5385 1907 -1678 8633 3490 5265 -7132
24 2903 -260 -5171 3918 -3805 -4810 4117 1557 9283 1645 992 -8310 -2790 3478 -5386 -1799 7093 -8020 -6741 -9118 5706 -5926 -724 8073
71 777 -4714 881 9339 -8865 -5459 5023 9267 -2303 2917 -4537 5728 -3999 4133 1350 -4199 9632 6738 -2055 6249 2767 2645 7487 399 4778 -8017 -2928 1879 1046 -6786 -8236 -8674 2325 7130 1248 -8218 -5377 -8198 -924 6146 -505 -365 4257 -6083 -8002 1994 9650 -9738 4292 7904 134 5153 6502 246 -9041 3573 -9150 2990 -3963 1372 2500 707 4386 -5888 4732 412 -7838 2974 3637 7934 2165
25 -1659 -4373 2359 9944 4048 9868 -6383 1822 -4723 -2022 -7175 6706 5480 -8647 -3490 6078 6042 4334 1599 -6713 303 -45 7476 -1413 4856
98 -6610 -299 7555 2192 4834 -9409 -2627 -9452 -8981 595 -5212 2610 -4158 -8460 -7992 -446 -1411 -9902 -6481 4932 3082 9637 5237 4453 8851 9090 2483 9696 2456 -4482 6612 8317 6544 -7880 7361 1947 6812 3694 -5218 -579 1239 5774 -3555 -9835 6212 -8290 -4932 -8542 -6467 -1753 9595 4450 3365 -7540 -4186 1398 8842 8663 6579 -5170 -4403 9903 4910 -5680 3577 -8829 -4875 -6944 -8403 5973 7574 3740 9331 5912 -9617 -9114 -5052 2005 -4760 -5533 5586 5594 -2704 -9560 -8286 7043 -3998 -5827 -7744 4402 -5223 -2223 -3246 -6058 -1466 -1688 5824 -46
