17
37 -368 -7302 -5915 -1745 5429 6012 -2946 4824 -2466 -3260 1180 -2284 7954 2989 9621 6719 -2786 -5209 -7762 2714 5497 -7302 -270 7551 3158 -1367 -8549 9473 -3277 -4309 9380 -4248 5435 -4943 -4994 7158 -1142
97 -2942 5151 4043 7278 3231 -8164 9467 1406 -1035 -5446 3332 -3848 -6691 -2851 8631 -8247 -8325 8292 5733 2155 -8156 9631 7863 4651 -741 -5354 -6516 -8033 4549 7905 -1069 -7655 -5119 3675 6572 -5174 1308 -1501 -1943 3522 -4593 2669 4996 3837 -8069 -1383 -6170 -9089 7126 270 9210 -9233 -2111 6415 3743 -8395 9273 2278 -3052 9269 87 -4657 3859 8806 8044 2388 -954 -9101 -2119 -5303 6963 -9074 9565 9268 246 7454 -8810 -3239 -701 472 5159 5725 -7815 -5881 8783 5158 9379 -1168 9403 8506 -2817 1263 6144 6947 -1641 5989 -6072
99 4999 -9472 2957 -1916 8943 -2007 -6975 9665 -9807 2372 9619 -6164 1300 6941 -2575 4274 -3361 6040 -6397 411 -6769 7753 -808 -4670 5496 -634 6600 4052 -7110 6636 7773 -6883 9695 2571 3090 -8438 -47 5483 -3851 -2466 402 631 9485 -7321 -2692 2090 626 -7183 -6288 -3672 -2532 -5355 4778 4079 -6766 -4916 8585 -918 -5785 -391 4927 -3784 1263 -4152 8336 -442 -8875 3679 -1788 4917 -3041 -4155 -5704 -7196 8857 8744 8374 -5503 1287 398 5969 9222 -5813 -507 8830 -793 2960 1364 2894 -7447 -7451 -1401 8896 3874 -6012 -7549 9903 -3480 -1437
84 -999 -3124 1650 4760 4137 2216 -4360 1534 -1811 -2671 -1622 -7297 1071 -8900 5331 -2810 1453 -835 2419 2919 -330 -1480 -8200 -3355 -3425 6181 -5325 8778 5391 6637 -6560 9684 -6140 -9014 8316 -1133 -5301 -7119 3606 821 4516 -9661 -1638 -2134 3048 3651 -3657 -3710 -1511 7519 -4354 -8081 2457 1679 -5382 -3171 1277 -9131 4010 -8817 -3031 -6903 3348 -9089 -7022 4181 2510 5084 4511 8027 5766 7012 7560 -3781 3631 6783 -7067 3918 -6182 -4241 -9259 2713 386 7965
34 -688 3373 9289 8827 5223 278 -3805 3906 -5178 -5901 -8143 9273 -879 -7568 7496 5877 4397 -103 -4893 -575 7590 -1747 -2453 -3911 -6486 242 175 -1634 -6781 7577 -8380 854 906 3073
45 9467 2970 8015 548 8241 3779 -4701 -1157 2392 -624 6077 3148 -2989 7004 114 -2027 567 6027 1460 5436 3675 -754 5249 6714 -5161 -8595 -7142 9320 -9597 -2344 8342 4931 2558 4836 6401 -9279 1639 4723 -3021 9118 -6671 3073 4225 4024 -6463
63 1628 -8530 9827 -3869 6777 -8646 -3219 -1728 4380 3693 75 9310 -7750 522 6016 8517 -3072 841 9588 1911 -1941 9439 105 7481 9304 -4172 2497 7409 8793 -9542 8710 7092 5563 -8235 -2506 7448 -7835 3535 5641 1488 -2794 4388 -4938 -2765 5158 1468 -352 9332 -2356 3411 3298 -5491 -2307 3491 1726 -5235 9720 -9678 -344 -6395 3148 -6725 -9678
77 -4095 -4775 8009 1850 -8723 -9059 -420 3130 9582 233 6142 -5005 -7537 -6303 -1743 -7088 7023 -7159 5341 -4276 9687 -7270 6446 8 -4808 -1978 3946 2538 -8125 4204 7944 -5242 -967 8319 -7256 -1197 6934 5073 -4788 -9921 5147 5740 4137 -3249 -1825 7931 -3546 -4058 7155 -2663 1510 3023 -3382 227 -8177 -5556 8125 -308 -4025 9286 2477 -213 3356 4541 -5835 -8203 643 3965 -2765 -5038 6842 -4027 1136 8128 9771 8216 -8210
49 -8759 4940 -4402 -3426 8740 -3653 -8215 4777 -204 -9046 -7407 9841 -972 9008 5058 -8965 5303 7518 11 6409 -3755 5315 -5026 4585 8846 -6310 -3112 -396 -9869 6482 5181 -5531 -1755 8693 9240 5740 -9919 4783 5225 3264 3649 -6945 -8514 -4916 -2070 -7117 -5286 -6488 -7840
24 -994 2531 3760 6215 6296 7328 6106 -9971 -3956 7219 -6634 -8719 -6745 4771 1729 4074 298 8236 2546 4033 -9087 8156 2189 1428
59 4090 -6615 -2966 -7574 -974 1342 -2964 -8176 2611 -3840 -572 -9082 -1983 -7683 -2113 43 2664 -3635 -1733 581 8126 9637 -6611 -2090 3639 -8320 4931 1917 9833 420 -2469 8452 7307 6918 1739 8897 1484 7732 6832 743 7466 2909 -1545 -3816 -5591 -2984 7687 8743 7780 6052 3741 2895 9303 3999 -3928 -6480 8711 -5815 3752
76 7892 -9647 7789 4172 7673 3859 512 4183 3481 819 -8373 4906 527 5672 6364 4940 438 5062 6549 275 -8422 -3537 2765 -4329 -7061 -6697 8250 -4334 149 -715 -7029 7542 -724 6775 -1518 -6464 1055 131 -9154 -6626 -7180 -212 -3355 2352 -5548 3408 5694 1423 6163 -3063 -4441 -7356 -3297 -3733 -7216 -6536 -3603 7906 -3384 -249 -9689 -3419 -7705 -360 -3982 5181 -6640 -4933 -6437 6777 2166 2800 -5351 -1339 8822 -9426
99 6908 -313 -8046 -6777 2795 8933 -8824 6658 4043 1919 -6331 1107 -2701 1200 -5484 6282 -5096 1731 3217 -250 -9915 -1512 7674 1360 5731 -6691 -1194 -9548 1712 -9862 -2610 -9104 -3523 5706 -6682 1441 -2595 -632 -1631 -3144 -1626 -946 -1576 208 -8009 -7616 -1361 -3843 -789 -3267 -2146 -3719 -7713 2926 -457 3592 2194 2554 -7602 8178 -1882 -9849 -6888 -1931 9483 -5642 9587 -7630 -5985 9320 5179 -1136 -1931 5568 -2339 222 6235 2563 5264 -9692 627 8922 -3337 629 6286 -7846 -6987 -3356 -8367 3324 3476 568 -4476 103 757 -4960 -1528 2797 -2325
73 -9212 8009 4395 3418 -9282 -8885 861 7050 -4225 9426 2010 -6661 1373 -2490 -659 1526 2227 6012 5320 7847 -518 7969 -217 6494 4129 -2249 -9011 -6486 17 -5885 9344 7133 -2484 1680 9247 -6496 -7354 -1585 -2513 -3196 6655 2763 5367 -1477 3857 -1256 -1959 -9367 6768 -7496 6544 -1875 8882 8958 -555 3141 1695 -6582 7383 -6681 486 -3219 -9718 1656 7228 1740 -3190 1448 -1363 1011 3243 -7006 8284
57 -5320 2298 7070 -7762 -685 8139 5833 4347 2957 9581 9490 4661 -9049 -9924 -5352 -9003 6417 6333 8338 -5925 2068 9335 -4533 2406 -5591 2462 -9861 -5706 2551 -8645 -6585 5058 5033 -5650 -5100 2836 6790 6908 -3909 -7709 -8293 3087 -6875 -4007 7468 3032 6191 -2281 4025 1484 3875 6066 -475 -4786 8242 7325 -2001
40 -7017 -5554 -3534 845 -2159 -8049 -2817 7853 -5760 -3180 -7301 9815 -6478 -9231 3000 5408 7084 1240 4985 9923 -8610 -2589 -7941 -3988 -3004 -7228 -5210 7752 -6595 5820 5730 2541 1861 1974 -3816 1682 -9997 2163 2304 7000
78 -6311 3557 -1759 -2172 -8993 -3008 -2981 3866 9391 8048 4270 9341 -3476 -6676 -4172 7273 1419 -169 2809 8676 9487 -6338 8704 83 -8269 -6938 -3103 -4467 7868 -5038 7563 7636 -1626 -5718 5357 7364 -150 822 -422 -5382 -4060 -2220 3381 -6396 -8755 -3623 7005 4293 -4503 -369 -8179 4208 -4924 8005 8442 5734 8349 -7795 -6497 -793 -7111 -2811 9162 -6518 8284 1403 -5702 938 -4373 2195 4641 -8906 7280 -5601 8301 7752 -5271 -626
