10
38 8473 -193 -9241 6848 8587 -974 -4997 6752 8780 5348 -7748 1313 -2367 3239 9180 6348 -3330 1737 1461 -7120 9940 7888 -2247 2421 4945 8182 8856 -9844 1004 497 -9191 479 -8523 360 -8160 -8672 -7562 1522
42 -8385 -8790 -6638 1818 -5040 2564 -832 5711 -2113 2516 6841 2565 4566 -5380 9233 710 611 -3218 4287 -9475 -8462 -4946 -6445 7522 -5996 -8837 -8385 -4730 8551 -8747 -5775 -7844 4034 -7763 4533 1465 3152 6758 8089 -701 897 -3859
94 -6466 -9775 9861 -3814 976 7525 8141 2490 849 -7739 -3979 2471 1717 7925 -6895 -3903 9622 -2263 -3143 -8443 -9390 -6827 8564 -4722 7905 -2981 3171 9024 7053 -4930 -572 5325 5145 -6201 2856 -1037 -9229 2382 640 -7343 -9238 -4689 659 -8281 -9176 3791 -9248 9635 -3329 -8791 9762 -7144 4737 260 1702 6065 606 -1586 1851 2381 -5160 8350 -7738 -4539 -6724 -548 5672 8911 -3580 -2988 -3292 2420 9573 897 -1960 -986 9435 9137 4356 1363 -8281 -4 -60 4339 -6458 -5504 -879 -6103 -7789 9637 -3196 5629 -5443 3519
96 4872 1422 -1023 -9181 -2378 -2688 9535 -9658 -2789 -3683 -1549 3959 4615 1818 7236 -4574 -2910 7106 -4136 -7085 -263 2498 -7395 8838 7661 2259 6493 -934 -7417 -992 1040 1285 514 -2268 7256 1926 -2339 7917 413 -7049 -8634 5576 6543 -6083 -1692 5957 -7893 -1832 7703 398 -7950 -9598 5578 1286 -5748 -5739 -6884 6128 7193 7313 3784 -649 -8960 5876 -1628 -1610 -9597 4385 -625 635 -103 2988 -5631 2096 -8859 3892 7253 -1017 7173 9297 -5552 9676 9919 6806 5230 -457 -9669 -4637 -9495 2616 -8074 1647 1007 -2738 -5878 -6419
67 9098 7491 775 -6806 567 9271 2590 -6496 -8086 7751 5976 6158 -2765 -9775 -6435 5684 -5420 8776 -8666 5777 -6362 4676 -4661 8854 3782 -9366 3297 5571 6267 -9721 -9529 8171 8555 -7707 -3688 -8669 -5108 4028 -7017 -9836 -9303 3680 -6099 -3041 7738 -51 -3050 -9199 4056 -8225 9816 -6976 -7915 5877 277 6135 4053 -9536 -1076 8550 6072 -5203 -6775 3240 3295 7084 4135
2 860 4918
94 -5457 5709 -7561 4410 -3376 -7538 -3458 -3464 9486 266 -2066 -4663 9027 1708 -2222 328 6122 -7695 9143 -386 7718 7513 -2565 -1802 7153 7431 -3045 6197 -3984 8074 1834 -8866 6637 -1607 4658 -6130 -8643 1448 -8496 2606 6106 -7416 4583 832 -2175 -7245 -4644 -5500 -5192 -7707 9072 1915 -4302 -9599 -7574 -3996 -1663 773 4050 -9611 -2387 7759 8865 -8950 2143 -6256 -7737 -9891 -9992 -7789 4878 9109 5836 -6596 7632 654 -9058 -8592 -256 9870 -2681 -2387 -8607 -4327 21 7640 -2272 5098 -5324 -4934 -1528 -8194 -9910 -1514
19 -1446 1431 -916 -6109 6738 -4366 3415 8228 9464 -6516 7413 -5519 2374 964 5956 -1440 -8613 -3792 -1436
6 -9229 9316 8786 3062 999 1551
23 -4763 -6406 -5272 -1271 4464 -5397 -8663 -5402 7711 -9730 -3017 -3833 -6797 -725 4369 6243 7661 3972 -3123 -418 6673 -1191 -6828
