14
21 9160 -8965 1933 6731 -1413 -9055 -7365 6234 -2614 -573 302 4168 4434 4725 -420 -9787 3873 -94 -5126 -4682 -2223
11 -7374 9382 1293 -1773 -4965 467 691 -3971 4652 8930 -4530
61 4068 3049 -9214 -6264 3703 -1104 -8117 9280 -6354 8961 -8222 8179 -134 -7184 -2245 9124 982 4309 3080 -6768 8746 -5775 -9900 3809 -5143 -6987 -7051 -1353 6061 2554 2138 2085 2194 4673 4115 -4442 -9913 -6515 -9525 -2361 8218 -8925 -8919 2708 -9386 -2919 1011 1916 2020 6944 -5496 -2017 -4462 -4993 5982 5286 3741 6454 -1243 -5658 7747
88 -6530 -7073 7558 -636 -6899 -1829 -4638 5891 -1231 9362 4080 7843 -269 -3952 -2513 -5112 1370 4687 4276 -2326 -1123 9148 1660 -1692 -5778 6714 -8789 -4706 -287 -5568 -5764 -5147 1595 -6116 7275 -9689 -3135 1058 -7024 815 1033 -2747 -1999 -1929 -8603 -1940 234 5116 -9180 324 86 4337 -4268 -2492 4510 4607 9600 4571 -2433 264 -6736 -5518 5692 -575 6351 -5300 5492 3945 -150 7763 -4387 6682 659 675 9038 8252 -9745 6692 -3141 2761 -1256 -5244 2455 -6043 8492 -6345 -9084 -8613
10 2194 306 -4556 -8884 -3038 -4984 -3805 -1087 9550 1236
22 -8317 2149 -2180 6749 -7799 9506 -4519 2119 2354 6009 1948 -2960 -2178 -3798 -4234 -7149 4536 5756 5612 -7253 -9453 -5008
34 -3061 2241 9982 -9933 -3371 -5660 7627 -4387 -7137 -3155 -8460 471 -8187 -7196 -1962 9589 -1431 7632 4833 -1609 2084 9735 -6139 -5745 9275 2175 -4998 -9910 -9344 9472 430 1893 -7062 -5908
96 3313 -7161 -5500 -8627 4681 -1168 -7269 -5050 -8818 -342 9234 3645 490 -3263 -2854 -3942 2987 -5111 9292 -9386 7405 3251 9337 9948 -4203 7199 -475 -6525 -8186 8241 -4879 8509 -9528 -9532 7080 7526 1002 -3149 6578 -3868 7342 2321 -7804 -7272 -3098 6775 -8980 -7848 1696 9280 -3934 9282 8171 1233 2575 -6635 -531 -8471 -1462 -4094 -4117 9399 -7391 -9312 -7269 -7519 -7998 7765 -760 -5162 7587 -3233 1351 -4952 -5866 5295 -3579 -7899 5539 6700 5680 3 1447 4453 1815 2204 8744 7974 -1077 3317 -1853 -5771 5876 -9922 -6984 6322
54 -7346 3007 -4345 -69 6000 -8619 -7026 9492 -1117 3212 4059 8534 -7168 -7572 1459 3200 -4174 -6584 5857 7094 -2205 -5574 5494 6216 -4229 -6665 6908 4201 5819 2385 -7854 8259 4181 3621 8459 7953 -1194 4308 7634 -5645 278 -5747 -7350 3920 9280 3197 -678 -1232 9578 -5419 3984 -2221 -5468 6499
39 6617 -7968 -5162 -4272 -4106 3329 -3900 -1607 -3439 -1249 8515 -2887 -6866 7344 -5617 1142 -5803 -5830 1459 9701 -6042 7953 -4975 -2174 8942 6943 -6911 -5965 -7169 -7354 -5506 -8235 7899 -8740 47 3725 7708 -8108 4923
82 3057 9377 9234 -200 8644 -6399 3706 4481 1106 3343 391 -814 7200 -8474 -2919 6807 -943 6983 -8085 1044 1461 2213 -6588 -2673 -6985 -7155 8743 718 3084 -6479 -8150 6142 9963 5018 4668 -7346 3111 5379 -8996 -9420 -2665 5576 -9231 7859 3444 1865 -8218 -1230 -4272 -7309 -1077 -5258 -6160 4350 3110 6680 6142 -2550 -642 1469 -817 -8444 -518 -57 4531 -9043 829 -2506 1576 8374 8042 -8579 -4127 -5083 6244 5635 -3321 262 -8826 -1232 5174 -5796
5 -8373 -1584 -1631 -3546 9790
32 7264 -1771 -8840 1318 -9434 1656 -4736 8069 -9199 -3510 -337 3478 -2232 -1861 -9779 -4034 -8759 -3847 3510 -9186 -6883 6146 5909 -3376 8129 4276 5330 -593 -7959 2873 5426 1846
45 -1888 -6820 8260 -7408 -2373 6755 33 7475 -10 2271 -5079 -3141 -618 2478 2014 -9332 8154 -1255 -7432 -9133 1095 -3523 -7240 -4059 5678 -4495 4703 -9409 -8808 -5598 4068 3321 -219 6507 6512 4557 5420 1318 2543 9288 -5789 -1266 -7210 9723 -99
